ACQUISITION INFORMATION

Detector ID:  1
Detector description:
WKS043013 Model 928 SN 19284836
Sample description:

Real Time:  75717.098308
Live Time:  75713.518308
Acquisition start date:  03Jun2026
Acquisition start time:  12:56:03
Starting channel number:   0
Number of channels:   2048


CALIBRATION INFORMATION

ENERGY CALIBRATION
Units:
Energy Fit:  -2.127659E-001  2.127660E-002  0.000000E+000
FWHM Fit:  0.000000E+000  0.000000E+000  0.000000E+000
Efficiency Terms:  0.000000  0.000000  0.000000  0.000000  0.000000
  0.000000  0.000000  0.000000  0.000000  0.000000


SPECTRUM
     0:          0          0         58     829338         56
     5:         20         20         20         27         30
    10:         35         54         36         48         98
    15:         98        111        103        110        108
    20:        108         80        115         87        100
    25:         81         86        111         97        101
    30:         81        105         86         83         90
    35:         86         78         97         79         83
    40:         76         82         98         76         77
    45:         77         88         77         87         83
    50:         50         77         60         66         79
    55:         79         58         76         69         76
    60:         70         84         71         68         69
    65:         66         57         79         59         47
    70:         73         69         59         63         55
    75:         55         55         42         62         50
    80:         58         51         57         54         55
    85:         57         54         68         48         46
    90:         48         52         50         60         43
    95:         44         49         39         42         51
   100:         43         39         51         52         51
   105:         48         33         33         47         44
   110:         39         47         39         43         42
   115:         37         27         40         45         45
   120:         39         32         18         38         33
   125:         29         44         27         31         36
   130:         31         33         27         39         34
   135:         34         39         32         31         32
   140:         37         33         27         38         46
   145:         31         44         28         27         25
   150:         27         32         20         25         31
   155:         38         29         30         16         26
   160:         24         31         28         25         21
   165:         28         21         24         18         29
   170:         23         30         18         27         33
   175:         25         24         28         21         20
   180:         21         22         24         12         18
   185:         28         25         18         30         24
   190:         21         19         26         17         19
   195:         22         10         20         22         19
   200:         17         21         14         16         23
   205:         20         14         15         17         19
   210:         23         13         15         20         25
   215:         20         16         17         18         15
   220:         24         23         13         19          9
   225:         17         11         16         16         18
   230:         14         20         17         13         10
   235:         17         10         14         16         21
   240:         17         18         13         14         18
   245:         11         21         14          9         10
   250:         12         14         11         18         13
   255:         16         11         20         14          9
   260:          9          7         14         12         15
   265:         16         14          9         14         15
   270:         13         11          9         19         13
   275:         13         11          7          9          8
   280:          6          4         11         14         12
   285:         11          6         15          9          9
   290:         12         10         14         13         10
   295:          8          8          7          8         12
   300:          4         10          9          5          9
   305:          8         11         14          8          3
   310:          6          6          5          2          6
   315:         10         10          2          7          3
   320:          3         10          6          3          7
   325:          2          5          7          8          8
   330:         11         12         11         14          7
   335:          8         11         12         10          7
   340:         11          8          4          6         13
   345:          6          8          5          9          8
   350:          4         11          9          8          9
   355:         11          6          7          6          6
   360:          6          4          7          9          7
   365:          7          3          4          3         12
   370:          4          5          3         11          3
   375:         15          4          6          4          5
   380:          5          3          6         10         10
   385:          5          8          7          5         10
   390:          2          4          8          6          4
   395:          3          3          6          4          5
   400:          5          3          3          7          1
   405:          4          4         13          6          5
   410:          9          9          6          8          5
   415:          1         10          7          5          4
   420:          2          6          4          5          2
   425:          2          5          7          4          2
   430:          3          7          6          4          6
   435:          6          9          6          2          5
   440:          9          1          6          4          3
   445:          7          4          5          3          2
   450:          4          4          4          5          7
   455:          4          4          5          3          2
   460:          7          5          3          4          5
   465:          6          3          3          7          7
   470:          4          4          3          1          2
   475:          5          2          5          4          7
   480:          7          9          3          6          3
   485:          3          2          5          5          4
   490:          5          1          5          6          1
   495:          5          3          5          5          5
   500:          5          4          1          7          4
   505:          3          2          3          1          2
   510:          5          3          7          1          3
   515:          5          2          6          3          4
   520:          2          0          3          2          5
   525:          2          4          5          3          2
   530:          3          2          2          5          6
   535:          5          2          3          3          3
   540:          3          7          8          6          4
   545:          0          5          1          5          3
   550:          1          5          1          1          0
   555:          3          3          4          4          4
   560:          1          4          4          2          5
   565:          4          3          4          6          1
   570:          2          4          5          2          5
   575:          5          3          4          2          3
   580:          5          2          3          5          2
   585:          3          4          5          3          2
   590:          2          5          5          2          3
   595:          5          5          2          5          4
   600:          4          2          2          5          4
   605:          0          2          3          3          4
   610:          3          4          4          1          4
   615:          5          0          1          3          6
   620:          3          2          3          2          4
   625:          3          1          3          3          4
   630:          1          3          2          2          2
   635:          5          5          1          3          4
   640:          5          3          1          4          4
   645:          3          7          4          2          1
   650:          3          3          6          1          4
   655:          5          2         10          4          7
   660:          4          6          3          1          6
   665:          3          3          1          8          3
   670:          1          3          1          4          3
   675:          3          4          4          2          5
   680:          2          4          6          3          2
   685:          5          4          2          2          7
   690:          2          5          6          3          1
   695:          3          4          4          3          2
   700:          6          2          2          3          5
   705:          1          2          3          1          1
   710:          5          1          3          2          3
   715:          8          0          4          2          3
   720:          2          2          2          3          1
   725:          5          1          2          1          2
   730:          2          2          3          3          3
   735:          5          3          4          3          0
   740:          3          3          2          0          2
   745:          3          1          0          4          1
   750:          5          6          4          4          1
   755:          3          2          0          6          5
   760:          3          2          2          3          4
   765:          6          5          6          3          1
   770:          2          0          1          3          3
   775:          3          2          4          2          3
   780:          4          6          2          2          5
   785:          1          3          4          2          1
   790:          1          2          3          2          3
   795:          5          2          3          4          1
   800:          1          4          8          5          3
   805:          1          1          2          5          1
   810:          2          3          2          3          5
   815:          4          3          4          6          0
   820:          4          0          1          2          5
   825:          5          2          2          2          2
   830:          4          4          4          1          4
   835:          7          3          3          3          5
   840:          3          5          2          5          2
   845:          5          2          2          3          4
   850:          4          2          3          4          1
   855:          3          7          3          4          5
   860:          2          4          3          4          4
   865:          2          6          5          4          6
   870:          2          3          6          3          3
   875:          4          4          1          1          2
   880:          2          3          1          5          5
   885:          1          3          3          6          2
   890:          5          5          3          2          2
   895:          4          2          5          4          2
   900:          3          2          1          5          7
   905:          2          3          2          1          0
   910:          3          1          4          3          2
   915:          4          1          3          1          5
   920:          1          2          0          0          1
   925:          6          4          4          6          5
   930:          4          3          4          3          4
   935:          4          1          3          3          4
   940:          0          1          4          0          6
   945:          2          2          5          5          2
   950:          1          5          3          6          6
   955:          6          2          1          9          4
   960:          4          5          2          4          3
   965:          7          0          3          3          1
   970:          7          1          2          1          6
   975:          2          3          0          6          4
   980:          4          2          4          4          0
   985:          2          0          1          6          1
   990:          8          3          1          5          3
   995:          1          4          3          5          6
  1000:          3          0          5          4          1
  1005:          4          6          3          5          5
  1010:          1          5          5          3          7
  1015:          3          5          3          1          0
  1020:          3          2          5          4          4
  1025:          2          2          3          3          4
  1030:          2          2          2          4          2
  1035:          4          0          3          3          5
  1040:          2          5          1          3          0
  1045:          5          3          1          2          6
  1050:          3          5          4          1          7
  1055:          4          2          4          3          2
  1060:          2          3          4          9          2
  1065:          0          3          2          5          3
  1070:          4          4          1          3          1
  1075:          5          3          1          4          2
  1080:          4          5          2          3          2
  1085:          0          6          6          1          2
  1090:          4          0          5          1          3
  1095:          4          7          4          4          1
  1100:          7          1          4          4          6
  1105:          1          6          6          4          4
  1110:          3          2          2          3          2
  1115:          1          2          5          6          6
  1120:          1          4          1          4          0
  1125:          5          4          4          1          0
  1130:          5          2          8          2          3
  1135:          3          2          3          4          3
  1140:          4          3          0          1          3
  1145:          2          1          4          2          2
  1150:          3          5          3          2          3
  1155:          5          3          2         10          1
  1160:          1          3          3          7          0
  1165:          4          2          4          4          3
  1170:          3          2          5          2          3
  1175:          4          5          1          2          2
  1180:          0          4          4          1          2
  1185:          3          4          3          1          2
  1190:          4          1          3          7          0
  1195:          1          3          2          2          8
  1200:          3          4          4          6          1
  1205:          3          3          0          0          1
  1210:          3          4          3          8          1
  1215:          1          5          2          2          1
  1220:          3          2          4          4          3
  1225:          3          4          4          1          2
  1230:          4          3          2          4          6
  1235:          5          4          3          4          1
  1240:          2          2          1          1          3
  1245:          4          8          1          2          5
  1250:          2          0          1          0          5
  1255:          5          4          5          0          3
  1260:          1          3          3          6          6
  1265:          4          3          4          3          5
  1270:          2          2          6          1          8
  1275:          2          1          4          2          5
  1280:          4          2          3          2          2
  1285:          2          1          1          3          3
  1290:          2          6          4          1          4
  1295:          7          6          3          5          6
  1300:          3          3          1          2          4
  1305:          5          3          4          1          3
  1310:          4          7          0          3          3
  1315:          4          4          3          7          0
  1320:          3          3          2          2          5
  1325:          7          2          2          3          2
  1330:          1          4          7          3          4
  1335:          2          4          4          3          2
  1340:          2          5          2          3          3
  1345:          4          5          7          4          1
  1350:          3          1          2          3          6
  1355:          7          6          6          2          4
  1360:          3          1          4          6          1
  1365:          4          2          1          1          3
  1370:          3          2          4          5          2
  1375:          4          1          4          6          2
  1380:          2          2          4          7          4
  1385:          2          5          5          5          3
  1390:          1          1          1          6          2
  1395:          2          6          3          5          2
  1400:          5          4          4          2          5
  1405:          5          2          6          2          3
  1410:          1          3          4          5          6
  1415:          2          2          8          5          2
  1420:          6          2          6          2          2
  1425:          5          3          2          4          5
  1430:          3          2          3          3          3
  1435:          3          6          5          6          1
  1440:          3          2          2          3          2
  1445:          3          1          9          5          1
  1450:          3          3          3          3          2
  1455:          1          5          2          4          2
  1460:          2          6          4          0          4
  1465:          2          4          2          3          0
  1470:          3          3          3          3          1
  1475:          4          3          4          0          2
  1480:          0          8          2          2          1
  1485:          1          2          5          2          4
  1490:          3          3          4          1          4
  1495:          3          4          1          4          4
  1500:          0          3          0          4          5
  1505:          3          3          4          1          4
  1510:          6          3          4          1          0
  1515:          4          2          5          5          4
  1520:          3          1          5          2          5
  1525:          3          0          2          3          7
  1530:          6          2          7          5         10
  1535:          2          3          2          3          0
  1540:          1          3          4          4          2
  1545:          3          1          4          3          2
  1550:          1          2          5          2          4
  1555:          2          2          4          3          1
  1560:          2          3          3          5          4
  1565:          2          3          5          1          2
  1570:          1          1          8          3          5
  1575:          3          1          3          6          3
  1580:          5          2          4          4          5
  1585:          1          5          1          7          0
  1590:          6          1          4          2          5
  1595:          6          4          3          3          2
  1600:          4          2          8          2          4
  1605:          2          2          4          4          4
  1610:          4          4          1          4          1
  1615:          5          3          2          5          3
  1620:          6          2          1          7          3
  1625:          2          8          2          4          5
  1630:          3          2          2          3          3
  1635:          3          2          3          5          1
  1640:          1          5          5          7          5
  1645:          3          3          5          3          3
  1650:          5          4          8          3          4
  1655:          4          3          4          6          3
  1660:          6          4          1          4          4
  1665:          2          2          4          3          1
  1670:          2          5          1          2          2
  1675:          3          4          4          3          4
  1680:          1          4          0          3          1
  1685:          2          3          3          5          2
  1690:          3          2          4          0          4
  1695:          2          2          4          3          3
  1700:          5          3          5          3          4
  1705:          1          3          1          5          2
  1710:          4          1          3          2          5
  1715:          1          2          1          5          4
  1720:          1          4          7          7          5
  1725:          4          1          5          3          6
  1730:          4          2          3          5          2
  1735:          4          3          3          3          1
  1740:          4          2          4          5          3
  1745:          3          7          3          5          3
  1750:          3          2          6          5          2
  1755:          2          6          4          3          9
  1760:          1          1          4          3          2
  1765:          2          1          0          4          0
  1770:          3          5          3          3          2
  1775:          2          5          3          2          6
  1780:          1          2          3          2          6
  1785:          3          4          6          0          2
  1790:          6          3          6          4          3
  1795:          3          1          3          3          3
  1800:          4          4          5          4          1
  1805:          2          3          1          4          5
  1810:          5          3          2          3          0
  1815:          1          7          3          5          3
  1820:          2          0          5          4          1
  1825:          2          4          3          1          3
  1830:          1          6          3          3          3
  1835:          3          4          3          2          2
  1840:          3          4          3          5          1
  1845:          7          5          0          1          2
  1850:          2          3          4          1          3
  1855:          3          3          2          4          3
  1860:          3          2          1          2          2
  1865:          3          4          5          1          2
  1870:          2          5          6          2          3
  1875:          2          1          4          3          3
  1880:          3          1          3          0          1
  1885:          1          3          0          3          3
  1890:          3          5          3          2          5
  1895:          4          3          6          5          6
  1900:          6          5          1          2          1
  1905:          3          5          2          3          3
  1910:          5          1          1          4          2
  1915:          3          4          3          3          5
  1920:          2          4          2          2          6
  1925:          2          2          4          3          5
  1930:          1          3          1          1          1
  1935:          3          3          5          3          5
  1940:          3          6          1          2          3
  1945:          5          2          1          2          3
  1950:          2          2          2          1          7
  1955:          2          4          4          0          3
  1960:          0          3          2          3          4
  1965:          4          3          6          2          6
  1970:          1          4          5          3          0
  1975:          4          2          2          6          4
  1980:          1          1          1          1          2
  1985:          1          3          5          3          1
  1990:          3          2          4          1          0
  1995:          4          3          3          4          2
  2000:          3          4          3          1          1
  2005:          3          1          5          4          3
  2010:          4          4          4          2          6
  2015:          1          0          0          0          0
  2020:          0          0          0          0          0
  2025:          0          0          0          0          0
  2030:          0          0          0          0          0
  2035:          0          0          0          0          0
  2040:          0          0          0          0          0
  2045:          0          0          0
