ACQUISITION INFORMATION

Detector ID:  1
Detector description:
WKS043013 Model 928 SN 19284836
Sample description:

Real Time:  67003.638502
Live Time:  67001.938502
Acquisition start date:  01Jun2026
Acquisition start time:  15:00:43
Starting channel number:   0
Number of channels:   2048


CALIBRATION INFORMATION

ENERGY CALIBRATION
Units:
Energy Fit:  -2.127659E-001  2.127660E-002  0.000000E+000
FWHM Fit:  0.000000E+000  0.000000E+000  0.000000E+000
Efficiency Terms:  0.000000  0.000000  0.000000  0.000000  0.000000
  0.000000  0.000000  0.000000  0.000000  0.000000


SPECTRUM
     0:          0          0      27402     398334        164
     5:         51         37         50         59         60
    10:         82         78         71         77         71
    15:         81         68         83         71         67
    20:         75         73         72         67         72
    25:         69        105         86         77         67
    30:         65         71         54         66         77
    35:         71         71         65         77         61
    40:         70         56         61         60         71
    45:         63         57         51         45         53
    50:         62         77         67         54         45
    55:         57         67         47         46         56
    60:         42         46         46         51         44
    65:         52         57         45         44         42
    70:         48         43         48         49         58
    75:         65         49         42         53         57
    80:         44         43         41         34         44
    85:         51         38         49         26         33
    90:         38         45         43         27         35
    95:         44         37         33         33         35
   100:         36         45         35         30         31
   105:         31         28         38         27         27
   110:         39         30         35         36         17
   115:         34         28         31         24         35
   120:         34         32         35         29         32
   125:         33         23         29         27         25
   130:         20         23         22         22         22
   135:         21         30         26         24         39
   140:         22         27         20         25         21
   145:         31         26         28         17         16
   150:         24          9         21         20         16
   155:         15         22         17         16         18
   160:         22         27         22         20         16
   165:         23         20         22         17         16
   170:         18         18         23         17         22
   175:         23         11         16         11         17
   180:         19         20         16         22         11
   185:         13         21         16          8         23
   190:         11         13         17         15         17
   195:         16         14         16         11         11
   200:         11         10         17         12         11
   205:         18         16         11         11         15
   210:          8         10         11         13         10
   215:         16          9         11         10         13
   220:          8          4         11         13          8
   225:          7         13          7          7         13
   230:          7         13         11         12         10
   235:         14         15         12         10          9
   240:          7         16          6          7          6
   245:          8          9         11         14          9
   250:          7          6          6          6          8
   255:          5          5          4          7         13
   260:          2          5          7          8          5
   265:          7          4          6         10          6
   270:          9          7          7          7          5
   275:          6          8          6          5          7
   280:         11          2          8          4          6
   285:          5          8          6         10          5
   290:          6          9          9          4          2
   295:          4          7          4          5          5
   300:          4          6          3          3          9
   305:          4          6          3          9          1
   310:          8          8          3          3          1
   315:          5          2          7          4          9
   320:          7          6          1          3          5
   325:          3          3          2          6          3
   330:          7          6          4          4          2
   335:          5          5          7          5          3
   340:          3          4          6          5          3
   345:          8          5          4          2          8
   350:          2          1          3          6          3
   355:          3          3          2          2          3
   360:          2          1          4          4          4
   365:          4          1          8          3          5
   370:          4          2          5          2          3
   375:          4          5          5          2          1
   380:          3          5          5          5          0
   385:          8          3          3          2          5
   390:          4          5          1          1          6
   395:          1          0          3          3          1
   400:          1          1          0          4          3
   405:          3          2          3          0          3
   410:          3          3          4          1          2
   415:          4          2          2          3          3
   420:          3          6          0          2          5
   425:          2          3          0          3          0
   430:          4          4          4          2          3
   435:          2          3          1          4          1
   440:          2          0          3          0          0
   445:          5          2          3          0          4
   450:          2          3          3          3          1
   455:          1          1          0          1          2
   460:          1          1          0          1          2
   465:          1          2          1          4          1
   470:          0          2          4          2          3
   475:          0          1          1          1          1
   480:          5          2          1          0          0
   485:          4          3          0          2          3
   490:          3          0          1          1          2
   495:          0          4          4          0          4
   500:          1          1          1          1          2
   505:          3          1          3          1          2
   510:          1          0          0          3          1
   515:          1          3          1          1          0
   520:          1          0          2          1          3
   525:          0          2          1          2          1
   530:          1          0          1          0          3
   535:          1          3          1          1          2
   540:          0          1          1          0          1
   545:          1          3          0          1          1
   550:          1          1          2          0          0
   555:          0          0          1          0          1
   560:          1          1          0          1          1
   565:          3          1          0          0          1
   570:          0          2          1          2          1
   575:          3          1          1          0          0
   580:          1          0          1          0          1
   585:          1          1          2          0          1
   590:          1          1          2          1          0
   595:          1          0          0          2          1
   600:          2          1          1          0          0
   605:          1          1          2          1          0
   610:          1          1          1          0          1
   615:          1          0          0          2          0
   620:          0          2          1          1          2
   625:          1          0          1          1          1
   630:          1          1          1          0          0
   635:          4          1          1          3          1
   640:          0          2          1          0          1
   645:          1          1          0          2          1
   650:          0          1          2          0          1
   655:          0          1          0          0          0
   660:          0          1          0          0          1
   665:          1          0          0          2          0
   670:          0          0          1          1          1
   675:          2          1          0          1          0
   680:          1          0          3          3          0
   685:          0          0          1          0          2
   690:          1          3          0          0          0
   695:          3          0          1          1          1
   700:          0          2          3          0          1
   705:          1          1          3          0          0
   710:          0          1          1          1          1
   715:          0          0          1          1          3
   720:          0          2          0          1          0
   725:          0          0          1          1          2
   730:          0          1          0          0          2
   735:          2          0          0          0          1
   740:          0          1          0          1          1
   745:          3          0          0          1          0
   750:          2          1          0          2          3
   755:          1          0          1          1          1
   760:          0          1          0          0          0
   765:          1          0          0          0          0
   770:          2          0          0          1          1
   775:          0          1          1          1          1
   780:          1          1          0          1          1
   785:          0          0          1          2          1
   790:          1          1          0          0          1
   795:          0          1          0          2          0
   800:          2          0          0          1          0
   805:          1          1          0          0          1
   810:          0          0          0          0          0
   815:          1          0          0          1          0
   820:          0          0          1          1          0
   825:          0          1          2          0          0
   830:          0          0          2          1          0
   835:          3          1          2          1          1
   840:          1          0          0          1          1
   845:          0          0          0          1          1
   850:          0          1          1          0          1
   855:          1          4          1          2          1
   860:          0          0          3          1          0
   865:          0          0          0          1          0
   870:          2          1          0          1          1
   875:          1          1          1          0          2
   880:          0          1          1          1          1
   885:          0          0          0          0          1
   890:          2          1          1          1          0
   895:          1          2          0          1          2
   900:          1          1          1          1          0
   905:          2          0          0          0          1
   910:          0          0          2          0          2
   915:          0          1          0          1          1
   920:          0          0          2          0          0
   925:          1          2          1          0          1
   930:          1          1          1          0          1
   935:          2          0          0          1          1
   940:          0          0          0          1          0
   945:          0          0          0          1          1
   950:          2          2          0          1          0
   955:          1          1          0          0          2
   960:          1          0          2          0          0
   965:          0          1          0          2          1
   970:          0          1          0          0          1
   975:          0          1          2          0          0
   980:          0          0          1          1          1
   985:          0          0          2          1          2
   990:          0          0          2          0          1
   995:          0          0          0          0          1
  1000:          1          0          1          1          3
  1005:          1          1          1          0          0
  1010:          1          1          0          0          0
  1015:          1          1          1          2          3
  1020:          0          0          1          1          0
  1025:          1          1          2          1          0
  1030:          0          1          0          1          1
  1035:          2          1          0          1          1
  1040:          1          1          0          2          2
  1045:          0          0          2          1          0
  1050:          0          1          2          0          1
  1055:          1          0          0          0          1
  1060:          1          1          1          0          1
  1065:          2          1          1          1          4
  1070:          1          0          1          2          0
  1075:          1          0          1          1          1
  1080:          0          0          1          0          1
  1085:          0          1          1          0          0
  1090:          1          0          1          0          0
  1095:          0          1          1          1          0
  1100:          2          1          0          1          0
  1105:          0          1          0          0          2
  1110:          0          1          0          1          0
  1115:          0          0          0          2          1
  1120:          1          0          0          0          1
  1125:          0          0          1          0          0
  1130:          0          0          0          0          0
  1135:          1          3          2          1          2
  1140:          0          2          2          1          0
  1145:          1          1          0          1          0
  1150:          0          2          3          2          1
  1155:          1          1          2          2          1
  1160:          1          0          2          1          0
  1165:          0          2          0          1          0
  1170:          1          1          0          0          2
  1175:          1          0          1          0          0
  1180:          0          0          1          0          2
  1185:          0          0          0          3          1
  1190:          1          1          0          0          0
  1195:          0          0          1          0          0
  1200:          1          0          0          1          1
  1205:          1          0          0          2          2
  1210:          0          0          0          0          0
  1215:          2          1          0          1          2
  1220:          0          0          0          0          0
  1225:          0          1          1          1          1
  1230:          0          0          1          0          4
  1235:          1          0          0          2          1
  1240:          1          1          0          0          2
  1245:          1          0          0          0          0
  1250:          0          1          2          0          0
  1255:          1          2          0          1          1
  1260:          1          0          0          0          2
  1265:          1          0          0          1          0
  1270:          0          0          2          0          0
  1275:          1          1          0          0          1
  1280:          0          1          3          3          1
  1285:          1          0          1          1          0
  1290:          2          2          1          1          1
  1295:          1          0          1          0          1
  1300:          2          0          2          0          0
  1305:          0          2          1          2          1
  1310:          2          1          0          1          1
  1315:          0          1          0          0          0
  1320:          1          0          0          1          0
  1325:          0          1          1          0          0
  1330:          0          0          0          0          2
  1335:          1          2          0          1          0
  1340:          1          0          0          1          0
  1345:          1          3          2          0          0
  1350:          1          0          1          1          2
  1355:          0          1          0          2          0
  1360:          0          0          0          1          0
  1365:          0          0          0          1          1
  1370:          0          0          0          0          1
  1375:          2          0          1          1          1
  1380:          1          0          0          1          0
  1385:          1          0          1          0          0
  1390:          0          0          2          0          3
  1395:          0          0          0          1          0
  1400:          0          1          1          1          1
  1405:          0          0          1          1          0
  1410:          0          0          2          1          0
  1415:          1          1          1          0          1
  1420:          0          0          0          1          0
  1425:          1          0          1          1          1
  1430:          0          0          2          0          0
  1435:          2          1          2          0          0
  1440:          0          1          1          0          2
  1445:          1          0          0          0          1
  1450:          1          1          2          0          0
  1455:          0          0          2          0          3
  1460:          0          2          0          0          1
  1465:          1          1          0          1          0
  1470:          0          1          1          1          0
  1475:          0          1          1          1          0
  1480:          2          1          0          1          1
  1485:          2          1          0          1          0
  1490:          1          2          1          2          2
  1495:          0          1          0          1          1
  1500:          1          0          1          1          0
  1505:          0          1          1          2          0
  1510:          1          1          1          0          1
  1515:          1          0          0          0          0
  1520:          0          1          1          0          0
  1525:          0          3          2          2          0
  1530:          0          3          1          2          1
  1535:          1          0          1          0          1
  1540:          1          0          0          2          0
  1545:          0          1          3          0          3
  1550:          0          2          0          0          0
  1555:          0          2          0          0          2
  1560:          1          2          1          1          1
  1565:          0          0          0          0          0
  1570:          0          0          1          0          1
  1575:          0          0          1          0          0
  1580:          0          0          0          0          0
  1585:          0          0          1          0          1
  1590:          1          0          1          1          1
  1595:          2          1          0          1          1
  1600:          0          1          0          0          1
  1605:          1          2          1          0          0
  1610:          1          1          2          0          1
  1615:          0          0          2          0          0
  1620:          0          0          0          1          0
  1625:          2          2          0          1          0
  1630:          0          0          0          0          0
  1635:          1          0          0          0          1
  1640:          0          0          0          0          0
  1645:          1          1          2          1          1
  1650:          1          2          0          1          1
  1655:          2          2          1          0          1
  1660:          0          0          0          1          0
  1665:          0          1          1          2          2
  1670:          0          0          0          1          1
  1675:          0          0          0          0          0
  1680:          0          0          2          2          1
  1685:          0          0          0          3          0
  1690:          2          0          0          1          0
  1695:          0          1          0          0          1
  1700:          0          2          0          1          1
  1705:          0          1          0          0          0
  1710:          0          0          2          0          1
  1715:          2          0          2          1          0
  1720:          0          0          1          0          1
  1725:          0          2          1          0          1
  1730:          2          1          2          0          0
  1735:          0          1          1          2          1
  1740:          0          0          3          1          1
  1745:          0          2          1          3          1
  1750:          2          1          0          2          0
  1755:          1          0          0          0          0
  1760:          1          2          0          0          0
  1765:          0          0          1          0          0
  1770:          0          0          2          1          0
  1775:          0          0          1          0          1
  1780:          0          1          0          1          0
  1785:          2          0          0          0          1
  1790:          0          0          0          1          1
  1795:          2          2          0          1          0
  1800:          1          2          0          1          1
  1805:          1          1          0          0          0
  1810:          1          1          2          2          0
  1815:          2          0          1          1          1
  1820:          2          0          2          0          0
  1825:          0          0          1          1          0
  1830:          2          1          0          0          3
  1835:          0          1          0          1          1
  1840:          1          0          1          1          0
  1845:          1          1          0          1          1
  1850:          0          0          2          1          0
  1855:          0          1          1          0          0
  1860:          1          3          1          3          3
  1865:          0          0          0          0          0
  1870:          1          1          2          1          2
  1875:          1          0          2          1          1
  1880:          0          0          1          2          0
  1885:          0          2          0          0          0
  1890:          1          1          0          0          0
  1895:          1          0          0          1          0
  1900:          0          0          0          0          3
  1905:          0          0          1          0          1
  1910:          0          0          0          0          0
  1915:          1          0          1          1          0
  1920:          3          0          2          1          0
  1925:          1          1          0          0          2
  1930:          0          0          1          1          1
  1935:          1          1          0          0          0
  1940:          1          0          1          1          2
  1945:          0          1          0          1          1
  1950:          0          0          1          2          1
  1955:          0          1          2          1          1
  1960:          1          0          1          0          0
  1965:          0          1          0          0          2
  1970:          0          0          0          0          0
  1975:          0          0          1          1          1
  1980:          0          0          2          1          0
  1985:          0          0          1          0          1
  1990:          3          0          0          3          5
  1995:          1          2          0          0          1
  2000:          1          3          1          1          0
  2005:          0          0          0          1          0
  2010:          0          0          2          0          1
  2015:          0          0          0          0          0
  2020:          0          0          0          0          0
  2025:          0          0          0          0          0
  2030:          0          0          0          0          0
  2035:          0          0          0          0          0
  2040:          0          0          0          0          0
  2045:          0          0          0
