ACQUISITION INFORMATION

Detector ID:  1
Detector description:
WKS043013 Model 928 SN 19284836
Sample description:

Real Time:  82357.138159
Live Time:  82354.878159
Acquisition start date:  02Jun2026
Acquisition start time:  11:01:46
Starting channel number:   0
Number of channels:   2048


CALIBRATION INFORMATION

ENERGY CALIBRATION
Units:
Energy Fit:  -2.127659E-001  2.127660E-002  0.000000E+000
FWHM Fit:  0.000000E+000  0.000000E+000  0.000000E+000
Efficiency Terms:  0.000000  0.000000  0.000000  0.000000  0.000000
  0.000000  0.000000  0.000000  0.000000  0.000000


SPECTRUM
     0:          0          0      25947     539851        119
     5:         62         47         49         74         75
    10:         93         73        100         85         86
    15:        110        109        104         83        102
    20:        103         96         86         90         86
    25:        113         88        112         89         78
    30:         83         81         82         97         77
    35:         90         83         83         67         74
    40:         86         98         90         88         80
    45:         70         79         62         59         83
    50:         64         79         65         78         56
    55:         86         65         76         51         63
    60:         60         65         62         55         65
    65:         57         73         58         58         62
    70:         56         65         63         54         55
    75:         43         45         50         35         67
    80:         59         46         53         52         53
    85:         55         43         45         61         42
    90:         62         44         27         47         39
    95:         55         40         36         39         46
   100:         40         46         42         38         38
   105:         33         38         38         42         41
   110:         49         44         41         42         39
   115:         48         48         42         44         30
   120:         37         41         39         46         29
   125:         26         31         37         27         36
   130:         33         27         33         45         27
   135:         32         34         30         25         30
   140:         37         30         23         30         20
   145:         24         32         36         28         20
   150:         24         20         26         23         31
   155:         27         26         31         26         26
   160:         26         26         23         18         18
   165:         30         19         21         27         23
   170:         22         18         30         22         21
   175:         17         19         26         21         20
   180:         20         21         16         22         18
   185:         17         17         17         16         21
   190:         15         11         23         14         15
   195:         16         18         15         21         19
   200:         17         13         13         16         14
   205:         12         21         16         23         12
   210:         23         25         12         15         14
   215:         23         16         14         10          8
   220:         10          6         12         16         11
   225:         15         14         16         10         18
   230:         12         15         12         10         15
   235:          9          5         17          6         14
   240:         11         12         11         10         18
   245:         11          9          8         15          7
   250:         12         10         10         10         12
   255:          8         10          9          6         11
   260:          8         15          5         12         12
   265:          5         11          6         12          8
   270:          9         10         16          7          2
   275:          7          4         13          8          5
   280:          9          5         13          9         11
   285:          8         11          4          9          7
   290:          8          9         10          8          6
   295:          7          8          3          7          8
   300:          7         11          9          6          4
   305:          7          7          3          6          9
   310:         12          2         10          6          3
   315:          9          7          8         10          5
   320:          8          8          5          4          4
   325:          1          6          2          7          9
   330:          2          7          6          2          6
   335:          8          4          2          6          5
   340:          6          2          6          4          5
   345:          7          5          4          4          7
   350:          3          3          8          5          6
   355:          6          3          7          5          2
   360:          2          3          3          2          5
   365:          6          5          2          6          1
   370:          3          3          3          4          3
   375:          2          5          6          5          4
   380:          9          3          3          3          1
   385:          4          1          0          1          2
   390:          3          0          1          2          1
   395:          2          3          1          1          4
   400:          4          1          5          5          0
   405:          1          1          3          2          3
   410:          2          1          3          2          2
   415:          7          1          4          4          2
   420:          4          2          6          3          1
   425:          4          2          3          6          6
   430:          4          2          2          4          5
   435:          2          5          2          3          1
   440:          5          2          1          4          1
   445:          6          3          4          2          2
   450:          1          5          3          1          1
   455:          1          0          2          2          3
   460:          1          0          3          4          3
   465:          3          3          2          1          0
   470:          1          4          2          3          1
   475:          2          4          1          1          5
   480:          2          2          1          1          1
   485:          4          1          1          0          2
   490:          1          0          4          3          0
   495:          1          3          0          2          1
   500:          2          1          6          2          1
   505:          2          4          2          0          1
   510:          3          3          2          2          2
   515:          0          4          0          2          1
   520:          1          4          4          0          0
   525:          2          1          1          1          0
   530:          3          1          1          2          1
   535:          2          2          2          1          2
   540:          1          2          1          2          4
   545:          0          0          0          2          0
   550:          1          0          1          0          1
   555:          4          1          1          3          1
   560:          3          2          2          0          4
   565:          5          0          2          0          1
   570:          0          1          0          1          0
   575:          1          4          1          0          0
   580:          2          2          1          1          3
   585:          0          1          3          0          1
   590:          1          0          0          1          2
   595:          2          2          3          1          1
   600:          1          0          1          1          1
   605:          2          0          1          1          1
   610:          1          0          3          1          3
   615:          0          0          2          0          0
   620:          0          0          0          0          1
   625:          1          0          0          2          2
   630:          2          3          0          0          0
   635:          0          1          0          1          0
   640:          0          0          0          0          1
   645:          0          2          1          1          0
   650:          0          1          1          1          0
   655:          0          0          1          0          0
   660:          0          0          1          0          3
   665:          2          2          2          1          1
   670:          1          3          1          1          1
   675:          0          0          0          2          1
   680:          3          1          3          2          0
   685:          1          0          3          1          0
   690:          0          1          1          1          1
   695:          0          2          2          0          2
   700:          1          1          1          1          2
   705:          1          2          3          2          0
   710:          0          2          1          2          1
   715:          2          1          1          2          0
   720:          1          0          1          0          2
   725:          1          2          2          1          0
   730:          0          1          1          1          0
   735:          0          0          0          1          1
   740:          0          2          1          2          1
   745:          1          0          0          1          0
   750:          1          1          0          1          0
   755:          0          1          0          0          0
   760:          1          0          1          0          1
   765:          2          2          1          0          0
   770:          0          0          1          3          2
   775:          1          0          1          1          0
   780:          1          2          1          0          1
   785:          2          2          3          1          0
   790:          0          0          1          2          1
   795:          1          0          1          0          1
   800:          2          1          2          1          0
   805:          0          2          2          1          2
   810:          1          1          0          1          1
   815:          1          0          2          0          0
   820:          1          3          1          3          2
   825:          0          2          1          4          2
   830:          1          0          0          1          1
   835:          0          0          0          0          0
   840:          1          2          1          0          1
   845:          1          1          1          2          0
   850:          0          1          2          1          1
   855:          0          1          1          2          0
   860:          0          3          0          1          1
   865:          0          1          2          1          4
   870:          0          2          0          0          0
   875:          0          0          3          0          1
   880:          1          1          1          1          0
   885:          1          2          2          0          1
   890:          1          0          2          2          0
   895:          1          0          0          0          1
   900:          1          0          0          0          0
   905:          2          1          1          3          1
   910:          0          0          0          1          0
   915:          1          0          0          2          0
   920:          0          1          1          0          1
   925:          1          0          1          0          1
   930:          2          1          0          2          1
   935:          1          1          1          2          1
   940:          0          1          0          3          1
   945:          1          2          0          0          0
   950:          0          1          1          3          0
   955:          2          1          1          0          0
   960:          0          0          1          1          2
   965:          0          1          1          0          1
   970:          0          1          1          2          1
   975:          0          0          1          0          1
   980:          0          1          1          0          1
   985:          1          4          0          2          0
   990:          0          2          3          1          0
   995:          0          1          1          0          1
  1000:          2          1          1          0          0
  1005:          0          0          0          0          3
  1010:          0          0          0          2          0
  1015:          0          1          1          0          0
  1020:          2          1          1          0          0
  1025:          0          0          1          0          0
  1030:          1          1          0          0          0
  1035:          1          1          3          1          1
  1040:          2          0          2          3          1
  1045:          0          2          0          2          1
  1050:          1          1          2          1          0
  1055:          0          1          2          1          3
  1060:          1          1          3          0          0
  1065:          1          2          1          0          2
  1070:          0          0          1          0          0
  1075:          1          1          0          1          0
  1080:          2          0          2          1          1
  1085:          2          1          0          0          1
  1090:          1          0          1          1          0
  1095:          1          0          3          0          2
  1100:          1          2          1          3          2
  1105:          0          2          0          0          2
  1110:          0          0          1          3          1
  1115:          0          0          1          0          0
  1120:          0          1          1          2          4
  1125:          1          1          1          2          0
  1130:          1          0          0          3          0
  1135:          1          2          1          2          1
  1140:          1          0          0          0          0
  1145:          1          2          1          1          2
  1150:          1          2          0          2          0
  1155:          2          0          0          1          1
  1160:          1          1          1          1          0
  1165:          0          0          0          2          1
  1170:          3          1          0          1          0
  1175:          0          1          2          1          1
  1180:          1          1          1          3          0
  1185:          0          0          1          1          0
  1190:          1          2          3          2          0
  1195:          1          0          1          1          2
  1200:          2          1          0          0          1
  1205:          2          2          0          1          1
  1210:          1          0          1          0          1
  1215:          1          1          2          1          0
  1220:          0          2          0          0          1
  1225:          1          3          1          1          0
  1230:          1          0          1          0          0
  1235:          1          0          0          1          1
  1240:          2          0          0          0          1
  1245:          0          1          0          0          0
  1250:          0          1          2          2          0
  1255:          2          0          0          3          0
  1260:          1          4          1          0          0
  1265:          1          2          1          0          2
  1270:          0          2          1          2          2
  1275:          1          1          0          0          1
  1280:          0          1          3          2          1
  1285:          0          2          1          0          3
  1290:          1          1          0          0          0
  1295:          0          1          0          0          0
  1300:          0          0          1          1          1
  1305:          0          0          1          0          0
  1310:          1          3          0          0          1
  1315:          1          0          1          1          0
  1320:          1          1          0          0          1
  1325:          2          1          1          1          0
  1330:          0          0          0          0          0
  1335:          0          1          0          1          2
  1340:          1          0          3          2          2
  1345:          3          0          3          0          2
  1350:          2          1          1          0          1
  1355:          0          4          1          1          3
  1360:          1          1          4          0          0
  1365:          0          0          1          0          1
  1370:          2          0          0          0          1
  1375:          1          1          1          1          1
  1380:          3          1          0          0          0
  1385:          1          1          0          3          0
  1390:          2          2          2          2          0
  1395:          0          1          2          0          0
  1400:          2          0          0          0          0
  1405:          1          1          2          1          0
  1410:          0          3          0          1          0
  1415:          0          1          1          2          0
  1420:          1          1          0          0          0
  1425:          1          3          2          4          0
  1430:          0          3          0          1          2
  1435:          0          1          0          1          2
  1440:          0          0          1          1          1
  1445:          0          3          0          0          1
  1450:          0          0          0          0          2
  1455:          3          0          5          0          1
  1460:          3          1          1          2          0
  1465:          2          1          2          0          1
  1470:          0          1          2          1          1
  1475:          0          2          0          3          3
  1480:          2          1          4          0          1
  1485:          2          0          2          0          1
  1490:          0          1          0          1          1
  1495:          1          1          1          1          1
  1500:          0          0          1          1          1
  1505:          1          3          2          0          1
  1510:          1          1          0          0          1
  1515:          1          2          0          1          0
  1520:          1          1          0          2          0
  1525:          1          1          2          1          4
  1530:          1          0          0          1          0
  1535:          2          0          1          2          1
  1540:          1          0          1          0          2
  1545:          0          1          0          1          0
  1550:          2          0          0          0          2
  1555:          0          1          0          2          1
  1560:          0          3          0          1          1
  1565:          0          1          0          1          0
  1570:          0          1          2          1          2
  1575:          0          0          0          1          0
  1580:          2          0          3          2          2
  1585:          0          1          2          2          0
  1590:          2          2          1          3          0
  1595:          2          0          1          1          1
  1600:          0          0          1          1          2
  1605:          1          2          0          0          0
  1610:          1          1          1          1          0
  1615:          1          0          1          2          0
  1620:          1          3          0          1          1
  1625:          1          0          0          2          0
  1630:          2          0          1          0          0
  1635:          1          0          2          1          0
  1640:          1          1          0          1          0
  1645:          0          0          0          0          0
  1650:          1          1          1          0          1
  1655:          0          0          0          1          0
  1660:          2          2          4          2          0
  1665:          1          2          1          0          1
  1670:          1          0          2          2          0
  1675:          3          0          1          1          1
  1680:          0          1          1          0          1
  1685:          1          2          1          1          1
  1690:          2          1          1          2          1
  1695:          1          0          0          3          3
  1700:          0          1          1          1          1
  1705:          2          1          1          4          0
  1710:          1          1          2          2          0
  1715:          0          2          0          2          1
  1720:          2          1          1          1          0
  1725:          0          0          1          0          3
  1730:          0          0          1          2          1
  1735:          0          1          1          2          0
  1740:          0          0          2          0          0
  1745:          1          3          0          1          0
  1750:          1          0          1          0          2
  1755:          1          3          2          1          0
  1760:          1          2          0          0          2
  1765:          0          2          1          1          1
  1770:          1          0          0          0          1
  1775:          0          0          2          2          1
  1780:          1          1          3          0          1
  1785:          1          1          0          1          0
  1790:          2          1          2          1          0
  1795:          1          3          2          2          2
  1800:          3          2          2          1          1
  1805:          1          0          1          1          1
  1810:          0          2          2          1          1
  1815:          0          3          1          0          0
  1820:          1          1          1          0          1
  1825:          0          2          0          2          0
  1830:          2          0          0          4          1
  1835:          1          0          0          1          2
  1840:          1          0          0          2          1
  1845:          0          0          2          1          1
  1850:          3          2          1          0          1
  1855:          1          1          2          1          1
  1860:          1          3          0          1          1
  1865:          1          0          0          2          1
  1870:          0          1          1          2          0
  1875:          1          0          0          1          0
  1880:          2          1          2          2          1
  1885:          1          0          0          1          1
  1890:          0          3          1          2          1
  1895:          3          1          1          0          0
  1900:          0          2          1          1          0
  1905:          0          3          1          1          0
  1910:          0          0          0          1          1
  1915:          0          0          0          1          1
  1920:          1          4          1          1          1
  1925:          0          2          0          0          1
  1930:          1          2          1          1          2
  1935:          0          0          1          0          1
  1940:          1          0          3          2          0
  1945:          0          1          0          0          1
  1950:          0          0          4          1          2
  1955:          2          0          0          1          1
  1960:          1          0          1          1          0
  1965:          1          1          1          2          1
  1970:          2          3          2          1          1
  1975:          2          1          1          0          0
  1980:          1          2          2          1          1
  1985:          1          1          0          1          3
  1990:          0          0          0          0          2
  1995:          0          0          1          1          1
  2000:          1          2          1          1          1
  2005:          1          0          1          2          1
  2010:          2          2          0          2          2
  2015:          0          0          0          0          0
  2020:          0          0          0          0          0
  2025:          0          0          0          0          0
  2030:          0          0          0          0          0
  2035:          0          0          0          0          0
  2040:          0          0          0          0          0
  2045:          0          0          0
